Game: 850
Actor lr: 0.001-Critic lr: 0.005
Max Score: 62.28717948717997
mavg_score: [-18.32095149843139, -17.91812955492912, -16.68280258701908, -17.00691819889887, -16.946007169334784, -17.765782401076144, -17.583044169285266, -17.972052337347932, -18.229745842340073, -18.454377004852905, -18.38594952635769, -18.411288311899284, -18.312231678915673, -18.71929788302608, -18.460612965388382, -18.24158297055465, -18.379936540463643]
var_score: [808.7657487017157, 649.3071047418161, 653.9476790771101, 622.2971097472208, 604.1963357557831, 575.2861450012616, 561.667389308097, 542.6475553201092, 530.7897009747056, 514.3980459075652, 511.76337709689193, 518.7213847265685, 528.6423762649678, 514.3929965484803, 519.9358980075317, 523.1131231409827, 521.5633639688143]
mavg_best_value: [0.001773814, 0.0008893849, 0.014353188, 0.10494354, 0.67486423, 1.195561, 1.4490322, 1.3421767, 1.1931909, 1.0740337, 0.97648394, 0.8951833, 0.8264221, 0.76737785, 0.71616334, 0.67142516, 0.63187957]
